30 20 10 1 
0.8343193941586254
0.30745594312262065
0.10693602598379358
0.7005336454122236
0.6042446891858608
0.6055905726395316
-0.5490656723261998
1.0087467113274418
0.05519674400271767
0.6901060389235769
0.1524291188737621
0.48368834098635016
0.3807868224314727
-0.5596699859245596
0.07796074250245164
-0.847031060184324
0.16457403107592064
-0.3914573111006416
0.08131698271216758
-0.1445902070293058
-0.3870658840097936
1.0872531717604057
0.48547762911151904
0.5151935121579212
-0.22163877605978266
-0.3994421709130625
-0.2185547862222121
-0.20930804894582303
0.8622670887737833
0.8874787069617946
-0.39159144977825777
-0.7556387645381734
-0.07904017113347153
0.4960480695563397
0.5041121527682105
0.11047216184263321
-0.5825919792357841
-0.44827479362170763
0.05852245703873943
0.3104681567470922
0.3838769047471918
-0.4269819259755591
0.2354695020814683
0.783823987177262
-1.0197710203315746
-0.5917992641769397
0.6685160975071814
0.4884107551215372
-0.9382286126348268
-0.6071187462383885
0.3152191650303273
-1.0165306675540087
-0.127696647284926
-0.27162919859858226
-0.6886114012679653
0.6204634929402068
0.7112316327093842
0.5001365903307096
-0.4427466121935225
-0.37301857617737766
-0.05870783542931527
0.5050678296826854
-0.9718598854122672
-0.10695344834675109
-0.64017358960997
-0.48294198237891295
-0.8142868593779892
0.7370156968118545
-0.6005692859934914
0.3290501635721196
0.7217783031427077
-0.5120254278528735
-0.04678503999572022
0.8309218719320142
0.40794917281702897
0.5472900953497659
-0.3959206536277655
0.7872404909541334
0.32653572914663287
-0.9020438073815783
0.156374576108509
0.4513959440848716
-0.7351773658686339
-0.1600402574344652
-0.5387898802782444
-0.1867358897375217
-0.4354027731530086
-0.8185835518570084
-0.2567908445704325
0.13409014403513903
-0.02132414398448792
-0.40119932637506306
0.9005954766724655
-0.6066559543751693
-0.539443474694638
0.7314808244956924
-0.2887444384771857
0.9404208741456127
0.486948250918377
0.49740462304499605
-0.7588399514615203
0.8332422123764944
-0.23111733684044966
-0.5339148306473649
-0.4958702543145382
-0.143349983499017
0.01981548285017351
0.560886858060382
0.3452039851141782
-0.2025016287761882
0.19816623490178642
-0.7948957305674871
-0.5805935631975142
-0.21356942455888575
0.7888621675112977
0.7296743376452318
0.006162707783610132
-0.2799994191664008
-0.5333634324648996
0.36095725996177014
0.6204679028338944
-0.8527329103055984
-0.37776883534516315
0.8293646010342487
-0.709402314789116
-0.017138837692601036
-0.39956898463889
-0.1463770452234939
0.17408434783258778
1.1480965086731612
-0.302997511639137
-0.6324481414813248
-1.01721996942553
1.1040191817410265
0.5184913771023841
0.6474034377037413
-0.8007689350530777
-1.0983304575965018
-0.43653031504173256
1.3646014585217066
-0.8655374846923779
0.3957161362710434
-0.08903583601235408
-0.45765006824174104
-0.8742903905417269
-0.30140787127808244
-1.0239376012021908
-0.24192368885997995
-1.000485964693841
-0.1562815080459218
-0.6232124369429909
0.3751446542139858
-0.1265011139415504
-0.8420192961697133
1.0379856913851941
-0.6870649725272764
-0.20808223820834285
1.004961087586659
-0.7471270671081206
0.19525349203565567
-0.14918312024705738
-1.2468051410265044
-1.1216926684965087
0.4748075061007927
1.1268722314412987
-1.2556687665172799
-0.3727683787473056
-0.7559835878577565
-0.6050081721837867
-1.0263441196324021
1.0023618475409273
-0.14635499643145386
0.8195647235434205
-0.31729218359537437
0.6796532909820484
-1.3195735526958177
-0.6467922735459889
-0.8663414675672232
-0.8442054030917708
-0.8575905889697251
0.3162787751626616
0.05367913041822104
-1.2171313169289275
-1.352087880561588
0.2690534256973724
2.2686874761922677
0.320626223639681
1.0920425790054464
0.9333905619351645
0.9320088257666307
-0.8059302767758355
-0.28862523553354785
1.122387695965465
0.837155275882586
0.6529504041059052
-1.034695089391493
0.36566416367408544
0.38033106638784187
-0.3606343516878504
-0.7800922603767407
0.15076641263965884
0.456476880735194
-0.7120208723824198
-0.8625457225654354
0.5000943841817549
0.8245615593493659
-0.7177858566832048
0.2905655223116444
0.019884096940882504
0.9326143644575428
0.05257209530852555
-0.0990735311117584
0.361372289285986
0.5572751219019909
-0.5209237953914982
-0.06283231147213604
-0.23607834212800488
0.8854136419646572
-1.0433077803361173
-0.25931531146630926
0.0013515865336467682
-0.7075674353062572
0.06512587251824574
-0.34290994887145604
-1.010598034198147
-0.531354156734738
0.15739109793504685
-1.3001714756078246
0.23023754434655572
-0.061663784690111974
-0.40952450870452434
0.5488457961114624
1.388121095195201
-0.5073994739756673
0.7846287650232437
0.40311403041944255
0.4388042674834891
-1.147142333711932
-0.6056746065907418
0.0772405980240566
-0.3229602503089786
-1.0313116749403963
0.27410580475733765
-1.0480304218977303
-0.234971929198162
-0.3259512163813252
0.687379905096376
1.6334584733051472
0.44892948305822183
-0.08323908264302164
-0.7260541302567858
0.4716783419300328
0.28887434084391594
0.8579985708825305
0.20984400392401273
-0.004128716978022571
0.028508255112282763
0.4085209603980744
1.042703476266029
0.01868523965633761
0.20983425439579254
1.0514336931758537
-0.8420471794271897
0.5629919671325291
-0.07418575297417408
0.02325972337869648
0.0161699725265662
-0.3320118757203318
0.6168704109468683
0.09486599881865564
0.8504421161723502
0.6836140484511047
0.01816882736350462
-0.07031048921049537
0.7269806861723446
-0.21258011070306554
0.4544431187235067
-0.5131882028578126
-0.4789628230722316
0.14767899864329767
-0.4125871089940887
-0.6636004025616273
-0.25259582671780856
-0.7438388704468898
0.3701813249123925
0.22664635289655027
-0.648733449403971
0.9727103794060022
0.6999532772672747
-0.5197431147849645
-0.34816055860553125
0.3905051303185302
-0.9990458793235448
0.5497676387329804
-0.3354840510903095
0.060239903454878986
-0.6386601485463405
0.35096970645814163
0.5320404839648898
-1.1120600726592225
-1.3289763922984612
-0.2915667543587619
-0.06436055536636623
-0.7427007177871274
0.27200638553580636
-0.4674438649112783
-0.6002597278803913
-1.2692852564020225
-0.5353506781397112
1.8112894714518628
0.6008462392389659
-0.5926474016874491
0.6999388842941517
-0.08007905543583463
-0.8487777953138692
0.06797667842650386
0.21755735226940984
0.7757661630044794
-0.2662237199714527
0.5451295338583545
-0.7014824263152928
0.20213133929800559
0.3420755175227196
-0.49365569660090564
-0.6232019462400599
-0.7966470258792927
0.3056489769847768
-0.12033474258033594
-0.16853295099381943
-0.35989274284874423
-0.8667146695764849
0.7744494080383801
0.17698797310836725
0.5484421635401857
-0.4404974578543049
-0.8899703461706457
-0.1219434585775492
-1.0075157576660807
0.06695226569595064
-0.7735253364404644
-0.48735312632079547
-0.6515973762448779
0.6220159950409865
-0.13802117136725342
0.3220854371324715
0.9040324606378797
0.8814795337950391
0.3471710295642423
0.7558034968952647
0.1979321212047863
0.7647576849214549
-0.37203784715408694
-0.46914947882170194
0.7758844464380283
0.7708888385420385
0.1956365765915459
0.36627381321411473
-0.36309521994053373
-0.7567227931084758
-0.09036434465155052
0.37700003228478024
0.8312659587873946
0.553848825578164
0.7743085715857875
-0.6911502418684403
0.7755825848410632
0.24702510062280172
-0.8821885453612712
-0.6690571893673093
-0.7848954424660698
-0.9452160330767048
-0.15324709218183782
-0.2556653211271191
-0.2578973371015441
-0.15889497441670866
-0.801856913729762
0.6232296860230351
-0.44039481262163893
0.4821645815232733
-0.17588515784909292
-0.7754544961229927
0.8595804893357899
0.3506431385833698
0.6061437269822257
-0.044489545756672355
0.7862029232799017
0.40662128869989544
0.39113168177829327
0.8938851078307932
0.5808541697485091
-0.37272846128122444
-0.7854032898906451
1.117806139168566
-0.36873596369798406
0.03674692423314264
0.21318022251287827
0.0664740115590883
0.8690813972957285
-0.20057736043674879
0.9461369750440514
-0.19534899780635576
0.8498390203636199
-0.1258281918589183
0.5342093672300228
0.10729033606747382
-0.5042117283718386
0.8927770700188108
0.8911893060717813
-0.15528735424857634
0.6509918520024215
0.4865960377228783
-0.25813134849827635
0.25060708203670395
0.7347939541703121
-0.41411785082133584
0.47355467286712943
-0.3478015366961747
0.8169826562701443
-0.21894143908762265
-0.40758588934148626
-0.7567360617297431
0.6958770885177546
-0.8595338677244279
-0.2751758394572683
0.491705551535555
0.7326404701928165
0.33426175664925195
-0.7075130649393605
0.6104738667483982
0.7075057907615886
0.10587854991501269
0.8046390520106549
0.9000348003311072
-0.2883275027338958
1.0334450276247256
-0.5136478557443653
-0.017160193639053564
0.5901873508602772
-0.3271087992264977
-0.7166978246464175
0.8457510421055263
0.5659219888723573
-0.42679973894614526
-0.7781074310978244
-0.888561524992558
0.7986268573700197
-0.0176140333381423
-0.7309953618492514
0.6507398839631856
0.3414555063472493
-0.6124298118346724
0.1448607166539903
-0.09348936513928935
0.9400474151821937
0.47034124198016264
0.01808564906286721
0.7352544153633888
-0.5875454020164046
-0.6305789457558871
0.4156369649885676
0.4191153043583941
0.8487396116825521
-0.5863830182587685
0.3573443268814526
0.5733825234294595
0.7266154930966582
0.11899046695928871
0.7414732919685009
0.7171366377737284
-0.5380350927143951
-0.5957523857635915
0.2881663443474133
0.4374757125461271
-0.18103522286315155
-0.19144305687741578
0.12089210026253709
0.15166113411318816
1.1544694067864425
-0.1406471041809406
0.7870503587818051
-0.43549624812391946
0.07385200291221482
-0.30471073878955024
-0.6335361581860746
0.16393969463454708
-0.7041901693829615
0.34499373272946543
1.1804998996076579
-0.49690150104000486
0.6114672704082132
-0.2720192610785158
-0.14402676883408513
0.7432822915367171
0.7400941798612042
-0.001874963415887512
-0.8160693172841142
0.1652286749178698
0.330090652878013
0.7028107664329393
-0.6831275296960588
-0.02403298601625989
0.05585213743623844
-0.40923820060278837
0.3575465495863985
-0.03568281912988346
0.32139353845857604
1.111915107555477
-0.810919876037016
0.1813567519955696
-0.4265777996312882
0.6961291104355299
0.5296414966899805
0.6502015111059221
-0.36693537793204173
-0.4532130448313787
-0.8564156829777724
0.0735436441777683
1.1092859048704038
1.0066679373183471
-0.469757840684531
0.005749981084932801
-0.20182725497183376
0.5016730809106927
-0.44621448417132986
0.7990781065723809
0.8645381928269708
-0.8176704979736678
0.8856208646742584
0.8325988658097719
-0.21324962359666724
0.6957791726538475
-0.8794035188595897
-0.7200304798631251
-0.5191173377845605
-0.17613871881564905
0.711649087653208
-0.4630231594576292
0.3962112586909096
0.4087820538003493
1.029909162428268
-0.8917008012710056
-0.3036253286560837
-0.16853423593811326
0.7840750792474624
0.6672250090166351
0.10631663305965133
-0.055726258091054685
-0.1295394039002464
-0.03046860721014409
-0.17529921983078142
0.17792298949873445
0.4100525190759957
0.29898206701789243
0.3744913609417873
0.6410355156702492
-0.8100393127323957
0.7820923886786666
0.6062572577151852
0.8676701405593531
0.5049508704748706
0.7630549100841026
-0.7243296907684105
-0.30766956013638136
-0.7641324401208148
0.25612873410083753
0.9506965263138912
0.5548991356883943
0.10414767344368024
1.2759771703864082
-0.30188614189818125
0.9462312339668318
0.9346404212042354
-0.19724721339053933
0.6929459812619385
-0.5753108805202617
-0.6529536135914019
-0.9453953873939996
0.49990619572469397
0.32268546120298797
0.3013299832893705
0.3002539183702263
0.3324731058424105
0.738109038283398
0.02446067859400144
1.111188177768255
0.1097649848660431
0.49112680430602357
0.09659643679902796
-1.3178503466880938
-0.27936075486573336
0.900445930343047
-0.5135360917604792
0.626242367196842
-0.6036153941630391
-0.5947949570767934
1.0409912244001351
-0.7655942491427385
-0.4550378123258118
-0.06152520894060361
-0.7793322437482157
0.6927463364973848
0.7493480959416676
-0.03118229092478895
0.8878693305391661
0.11238436918298819
0.4564211504921273
-0.219388678161372
0.24283132734761614
-0.14793373263888626
0.3328341115388149
-0.9988277610269729
-0.9118566402651923
0.2752919156296693
0.1995687991308014
-0.843766085139495
-0.24361668590769747
0.04530356336073355
0.5128567103618396
-0.35420775598379145
-0.2734819867527679
-0.030582661536946765
-0.653517339355423
-0.7246375385670045
0.3148519415781559
-0.40239516590216406
-0.4913885072126824
-0.6754453534719908
-1.4288563223718649
0.9106731016236612
-1.0255215466414052
-0.9945455955320406
0.6467071276019591
-0.09912535766734752
0.004875491057493749
-0.13489344470471376
0.5425127551952849
1.3236404907258257
0.3800503810223744
1.2700649997400029
-0.7298658438448923
-0.43681360668770275
0.5755886722675018
-0.8101046240194764
0.6436978087698919
-0.27049628329861636
0.9206526437485595
0.32668317459032387
-0.6153807020281592
-0.6106076603740827
0.6585460178060659
0.07513957066579698
-0.3311576265600235
0.957959639114922
-0.3956427365780803
0.60499507707939
0.4011167165159268
0.401898911257262
0.8274538955591656
0.04904462897512503
0.92351462622943
0.4445850744856805
0.6928560570480796
0.632265961581505
-0.6571019423079191
0.17101987182410994
-0.4922058384244557
0.16060163631283017
-0.7643952514543785
-0.5114389481493657
-0.3310275055241604
-0.19233151235153736
0.5335732810831705
0.5967895758516694
-0.6103652904593022
-0.2959876599087941
0.07458234866114853
-0.8246665553990296
-0.22562852069771747
-0.5221892576184708
-0.003416783402446806
1.0234249940265112
0.5269734492620644
-0.4006101273605073
0.9806815293160893
0.38142299749203934
0.29981139681190205
0.48193220126471026
-0.988277266058531
-0.21574079737545407
0.4487014725314939
0.5887303948200574
-0.7889390258140476
-1.025354951013508
0.9188870558434518
-0.16329662844814902
-0.10506293233744138
0.9289421314371272
0.7043543649382663
-0.6343808556090916
-0.8320260683188989
-0.4787167004537453
-0.32717825358175595
0.8855442664580196
0.6867037525834282
-0.09112692327187315
0.16607209452245347
-0.027898757861194404
0.49801380410112145
0.7878221502471027
-0.5406981599818496
0.17928571757162465
-0.3802994312588654
0.3822286944663964
0.9237864060228355
0.950739173859484
0.717220687227459
-0.0046309717402552245
0.7050243179245699
0.00985891832594617
0.9351564820895074
0.0851469814443003
0.193680629670487
0.5866908244276636
0.01912606597165939
0.3324180865709367
-0.8347244373058684
1.0251372903660265
1.2840421261638082
0.6521307765044886
2.126657953029522
2.786428790908959
-0.935320453128468
1.3922000559223822
-1.2720374195212267
1.3590716907955025
0.6412943705426426
0.5005650537383058
-0.7150861174422919
-0.5791437267277586
-0.5589021989825623
-1.281241630450489
0.22496972303502433
-0.6745954440329971
-1.2700630182148103
-0.3676948849298967
0.542525168325004
-0.1585207024629116
-0.913931446203728
0.8472028238374174
0.07366312460614527
0.613013051088489
-1.3302254725205698
-0.25126737857432224
-0.9973623133515537
0.11523715636846615
-0.029780204064301128
-0.0306571972339505
-0.06779321242623994
-0.7735668025549896
-0.5486321234528235
0.4857330888132163
0.43655835322049114
1.0615888297520897
0.9570449654961098
0.5147166819072243
-0.3305419160987485
0.04745324827182177
-0.25898284404246597
0.6598046520709724
-0.04790129632592032
-1.0221712276966037
0.4752814132821376
1.3947385702194408
-0.6186629728533121
1.7684649224151219
-0.36671829365815267
1.0719958131023315
0.19917630587743662
-0.34535294994865146
-1.020193930126128
0.3819459470053432
0.4361117077761902
0.2276870264090255
-0.9514396139084877
0.9020933461613146
-0.5213090198300538
1.0689813982189547
-0.5998857241199694
0.8641147259103127
-0.0036834072476260964
-1.0560386122303884
-0.019019376433726358
-1.8925293416140947
-2.503246135286212
0.24190319343419991
-1.4798488929315559
-0.28767573897967874
-2.12198519561363
0.028270677078000093
0.8285773299386732
0.10785993744198502
1.4164099402348644
-0.22748599156933555
1.1173821080217023
0.8184623698804672
0.4254184109355868
1.2957187052197388
0.6641165980585573
-0.9965859480219323
0.984661980674711
-0.46450787736646404
1.065362104349638
-0.7966335598863794
-0.6898706624144718
-0.14835449332420741
-0.8871757541853026
0.8243173725353986
0.4424628510170555
1.2061778666311298
-0.6466636006271056
-0.005185630188514439
-0.7142545132125122
0.8268700834189837
-0.6703240700403601
-0.7114338472934773
0.18750902854885404
-0.38797824598317654
-0.975580559251817
-0.7846409985159731
-0.02270835743370009
2.1808314466776295
-0.21915383637804675
0.5918269646240926
0.47043860934278403
0.35339172841787314
-4.95950182879075
1.2129531683461978
-2.757671809600484
4.796607828126069
-0.7464819109801372
-0.46224201263372827
