30 20 10 1 
0.13842276232407447
0.6832203866785316
0.5811466926047628
0.6244339130405966
-0.46449169661299144
0.9734980956720392
0.41637010246486145
0.47033004056003985
-0.7060570774857097
-0.4593127761835029
-0.5711115620529618
0.9974910097617228
0.029051744192836498
-0.1882578767044282
0.33689916900653333
-0.5656210995246591
0.1356330711090028
0.5379308713247132
-0.5057500028716151
-0.8509084240784198
0.4367427941333859
0.7733802862859915
-0.3640030216376056
-0.48473601211694317
0.07268422683235988
-0.20720457593998282
0.5889675637168558
1.1934699502856478
-0.4614510322134396
0.9336785066153681
-0.055591168408376385
-0.7015024774197395
0.6195067120131837
0.4301224792146413
-0.3202899688916736
-0.6996201438038152
-0.9550455905497037
-1.0452282448092192
0.2301688881160118
0.062198387105874595
0.048419246042177996
0.34652066414522026
-0.02432993329654663
-1.2398259065471122
0.6990212392658499
-0.43546711276138284
-0.058000235620576775
0.8498231284109422
0.8754401006966456
0.9034166216634042
0.4469758578997127
-0.33590663523624786
-0.7889011030416181
0.35622454822616967
-1.2341324978192152
0.3751110446814553
0.0410409782109122
-0.20426756114386266
-0.7532267051741769
0.41553930120229904
-0.3289432076101293
0.1900197545161619
-0.2650429637222163
-0.731537137742685
0.5199928412651039
0.3568408737176994
-0.9947015091385548
-0.05085737935976496
0.5175638024489012
-0.2850272692672294
-0.590116517478842
-0.25106289129941217
0.8647569899411995
0.2162707262479322
0.315296529695995
0.12317868294913421
-0.9101928692762539
-0.9490264146633636
-0.874550229670598
-0.9790543831594166
0.7310852561283768
0.22119849323327165
0.7725811939181465
-0.7906653609564426
-0.6384519740176987
0.8161759524448375
0.7777637939312377
-0.9936023290491168
0.4544845795677881
0.03103854279668422
0.29204468610860695
-0.14962945795164997
0.20073191953572475
0.6951718889991804
-0.6345768308246345
0.5075789894901409
-0.16887433360157592
-0.3972030792389084
-0.899788574967621
-0.34410827350544054
-0.2949567972052603
0.6596403408257403
-1.0356663777539141
0.4125282533909498
0.3424041206844593
-0.16219546041005967
0.4602908630144072
0.5038096141963719
-0.8720078628389027
-0.016369711278586923
0.4125608010635771
-0.07385377785434691
-0.1767665770749132
-0.35207465551488126
1.1379747233718196
0.5891393774552864
0.49204177344077304
-0.36492711615578016
0.6772798742832592
0.8834897652335405
0.4393300683573453
1.0082892507156926
0.4429988945394017
-0.2841226804379301
0.5744017979966576
0.6313369151516766
0.043921371599394785
-0.9345074043130502
-0.16854920012868665
0.6239503497052055
-0.6345436583597418
0.4944388970897598
0.7311749636289132
0.6024738270262393
0.5997939421125318
0.924076549493182
0.04432009034984365
-0.08993022784052286
-0.1918359504630817
0.8136191078144669
-0.3335692714842608
-0.6779531036033998
0.6380481416875364
-0.522806082053767
0.7097621669854964
-0.5637453584072497
0.9401835470610298
0.3339790145320299
1.027603988567845
-0.04028500491007533
-0.49725222025906407
-0.6296180957246458
-0.058669381850287625
-0.29539200802828547
-0.6101825796414533
-0.4949740119182078
-0.9935171934106877
0.7181435277001481
0.29583858215909636
0.7707567845710523
0.699037240831784
-0.3744449914510612
-0.8233631376668942
-0.35791437148034216
0.04650652962765977
-1.4321706309347197
0.3641656376801553
-0.07379324804242933
-0.36714301962030593
-0.9068335954291113
-0.18883876769258645
-0.5508479482300748
1.027396236867062
0.9914384211503654
0.35673814943255217
-0.36299793481946047
-1.572635992040014
-0.5905893990080822
-0.7346951172008269
-0.19561553854815977
0.5905015150022916
0.13215546572495576
-1.2481358233885074
0.28521928022079673
0.06616885387415301
0.7808856926273976
-0.32602972596020724
0.1559768678056655
-0.09869269151334369
-0.0614114131314889
0.6769251333170494
0.11543655434187408
0.5338734023972592
0.0901167353720977
-0.654318076257609
0.3513428004642055
0.7815104553844553
-0.09685930173680707
0.9188113632153901
0.43595266850848413
-0.08926637043940755
-0.6123100470086754
-0.8084457970077827
0.8338210581941002
-0.5757624598432194
0.8534183911967581
-0.28161187246715685
0.1842564158161312
0.8125266073898358
0.7764563697419868
-0.47813489494278744
0.4388641704481715
0.2656813776143515
-0.4933097162974905
-0.6538015246126563
0.9146729218697921
0.8533289036643996
-0.20201466558281742
0.40872730557656484
-0.3359850702624784
0.5820318479140927
-0.7581413846926865
-0.3571378338592455
-0.9398682338640454
-0.7314523666776577
0.36765245611317365
0.2594267248328234
-0.2485665220700191
0.6987084264983223
0.5293904756180311
0.5596695216882341
0.3704542909759662
0.24498967614993097
0.5025271978574705
-0.6595454273080659
0.32403977158596353
0.684368456028347
-0.9875597449342902
0.16010634087121453
0.16227309813479318
0.3140480979031712
0.48858875424154996
0.37835713566950524
0.011407785250934796
-0.6920515210217109
-0.9304001317287004
-0.9814616978998537
0.17299864579656482
-0.22443828669265664
-0.5875914425025924
-0.6908320985869078
-0.20313462785571912
0.3372364793500898
-0.131833063928446
0.8462568165943078
-0.2864249369509381
0.7840718967953836
0.7016598175707766
0.7218255104244352
-0.1869663465551473
-0.06520478946052446
0.7084116792866648
0.10596785951642435
0.7163321445829647
0.9142277690553133
-0.17752776342920634
-0.9208386993323215
0.33533719443462273
1.2341805687964362
0.003213176325912505
-0.5515526382711416
0.15008032294376927
0.5363434515756116
-0.9069533302063175
0.4950332254453755
1.0332430475544092
0.11492362565660223
0.3896683180706026
-0.45085214863711615
-0.8043164355322174
0.3812233011371049
-0.7970357414642463
-0.7614368880712215
0.2973486113105377
0.42443794861665857
-0.005717719842515716
-0.9233440988629422
-0.8541266461191521
0.8899852377849161
0.8062019134113246
0.5442327501837624
0.7084250906903717
-0.15090080433751646
-0.47803287297042585
-0.3352072952683162
0.9879137388739956
-0.4145471015084359
0.48250373631129007
0.31897330286326636
0.5493097225992258
-0.9572896527062709
-0.4216915121112831
0.0498667219282908
0.8925119723233623
-0.8067128688863835
0.3708145951991894
0.23470478098578723
0.18487338288125638
0.7447783235202032
0.7247380886251916
0.5310750993568705
-0.7877505742256292
-0.912338749143618
0.01125459895548796
0.42650762821402255
-0.05568912569444001
-0.29379850024468146
0.3241419464023263
-0.5207370426091411
0.5085574265892733
-0.9596474000084336
1.0697084365138267
0.018537678308905518
-1.3441478616317832
0.13844882934179983
0.0049977810624585
-0.9891655807337412
0.20881233501603094
0.5937872680219841
0.6965295406090132
-0.2599913443375065
-0.39633545102982354
-1.454524524057436
-1.4018663985887794
-1.293718346135306
0.013104273198782124
-0.43192174712006526
-0.8328813019464985
-0.3499118696521838
-0.9174450066530264
1.9290740706967255
-0.10173935997076386
-0.5714732846854519
-0.7008558813843577
-0.8386190868438711
0.09501321464169933
0.8007320938806016
0.33989995316096566
-0.18091666879192875
-0.9579078029885436
-0.04680044223208324
-0.6752362317639294
0.08881003695979069
-0.8780384863774003
-0.5799571092560126
-0.9048367671991328
0.29649471998130056
-0.11205695965510526
-0.041326490277626485
0.7214874336541292
0.5820456540014792
-1.0396274302464235
0.2517276678789683
-0.8025924786802031
-1.0925612472209871
-1.1876889764284764
-0.6845539760162763
0.5700110137721186
0.07564283014074291
-0.7302716013693707
0.3180166995262185
1.4480021439220023
-0.45855966903296336
-0.620786976080973
0.01424747214082394
-1.2315199203881293
0.42796805750523825
0.5225830658437656
0.37519888610389607
-1.5154751234723105
-0.15301285141609158
-0.14836420886491208
0.16331625617633438
0.42513924148918575
-0.9056829794484529
-0.7755945671752907
-0.6104187052287564
0.9907645837663487
0.49739899990120306
1.1141552485986543
0.9091866584599817
-0.4351091606355018
-0.060995745542503574
-0.1598532093394854
-0.814923912312886
-0.12595698123596083
-0.30307994298147317
0.8996543880801167
-1.5530510840892762
-1.2574453609803864
-0.5353216509816369
0.5794882144729735
1.0006359002876117
-0.5600753767357431
-0.2130168533580054
0.6940264277887943
-0.9327805864673439
-0.4558577640865087
0.22467811980864782
-0.3187956398710327
-0.4710010415140932
0.6493981025736444
-0.07593082297530383
-0.29326486563923626
-0.29830061350563053
-0.10834748164131335
-0.5625357937738105
-0.6472350927935054
0.8394302935614658
0.5629985246910139
0.6825518353356979
-0.4277310319267631
-0.6508432779488961
0.18987758761940743
-0.18552097331201423
0.1286866562935149
0.4422838647190659
0.2686849876168073
0.7326708921471413
0.7314613102046583
-0.1139769755377888
0.6806653303904238
0.33594985351298123
-0.49623320593697695
0.02335158334009377
0.26160613914757036
0.8735257119937924
0.37265364666952006
-0.4768553424468278
-0.09034415148257754
-0.5210767226919051
0.8161593992191353
-0.6123245057467861
-0.09069299231269051
0.33833789149417715
-0.768712144602219
0.24625169644293968
-0.1775897062005357
-0.2723199867985919
0.8861493194545816
0.003309560034413918
-0.2040824794342568
-0.9272713678443661
-0.5052881443374345
-0.7842851289231497
-0.8080896488242767
0.1475914008267592
0.2069170229547798
0.5360310477933845
0.6183563871711086
-0.8705633059116198
-0.27588717997365014
-0.33696854117850866
0.48967559699197055
0.883152177103746
-0.1278540819122663
-0.7243144742322574
0.04401573708230329
0.7283305489733415
0.4095828315583472
-0.36355743086530956
0.4520259234525434
1.1419305114840155
-0.07090843118190915
-0.505511678162587
1.3958349379020027
-1.0468400502216098
0.9185202621199813
1.098158243001618
-0.4725311742169425
0.3772097999516859
-0.45954780096341274
-0.8014880446414347
0.6735833378857912
-0.6669650712841152
-0.38980989296404994
1.127928348308729
0.3149993754913702
1.0414099563740775
0.08062052144173293
-0.978582010166945
0.13815241195451128
0.9219181874099945
0.3469638492776139
-0.30132782721345025
-0.44658995791030254
0.12450773453213478
-0.10952892385670586
0.06116410995487093
-0.3319972775430471
0.8702934877211848
-0.9401761087120711
0.5612674081767877
0.6089920139081004
-0.17787042515535106
-1.2682421817172458
0.4593121268488893
-0.02782076316771959
0.7551169150648778
-0.14960253020476663
-0.8074643025518009
0.4719669435129425
0.6143660073837945
-0.05302471241399595
0.6694011793744226
0.5020455443499342
-0.3062590219280904
0.20508897543745874
0.09655130676866992
1.02837895444338
0.4201713115291565
0.36198312048324943
0.8012060945949998
-0.10734663259228085
0.4953860176314622
-0.6812231690743814
-0.07171028778263451
-0.21834976161953895
-0.762528045266001
0.211745756374775
-0.49407610121213935
0.1908843153253133
-0.29885984287934825
-0.21485453768869442
-0.6946062861929961
0.5272716631252337
0.6115418808771963
-0.4716583251301132
0.055288948742152
-0.7181435125687017
-0.32775407918183724
-0.5047111535833113
0.7813120671775765
-0.05931588314794159
-0.25091961835242005
-0.5605601646600016
0.3090918498118371
-0.8327127086095311
-0.47693200501667177
-0.44300343337343756
-0.015812868781421095
-0.9667555247381592
-0.822870241477458
0.008736375878596382
0.26792289141397946
-0.7743938116609438
-0.21370986886557583
1.196861029707109
-0.9109053425927286
-0.48159181093775344
-0.17218395253894117
-0.740125897587818
-0.11386975957333338
-0.573732843325324
-1.2161692822404409
-0.0875662902006342
0.49179643550857793
-0.2512250780454049
-0.6414655752946892
-0.5251182533096591
-0.6241161702875899
0.17519211836313375
1.0586646911876347
-0.5739841758120184
-0.25867726118145473
0.033700833169907005
-0.7924617739941263
-0.24941571260102943
-0.8535929070172829
-0.3190926189155462
0.11115073796257156
-0.5971706524069582
0.5571616914807265
0.39299360021408736
0.5347519488067035
-0.7723996181214506
-0.06862038432242719
-0.03951972937280628
0.06014163249973569
-0.8047703169522233
-0.33047014831429167
-0.12183226361470298
-0.02447887016719852
-0.6213269259830344
1.1257981905786565
-0.6109343316556841
0.4367049491964969
0.09393299762955405
0.22332235874873282
-0.12353276819513276
-0.06383235292275881
-0.8687494045743079
0.7025589251344014
-0.2295700241385324
-0.2605021058319773
-0.9196073369420151
-0.3576797603842635
0.9704430115547251
-0.03654901918855245
-0.8521028149501689
-1.0074198750079213
-1.0272761168126734
-1.240213098005664
-0.17167996853405992
0.3898610951200359
-1.159894667043127
-0.2796069441381785
0.09616579288365804
-0.523914544387041
1.71005151309673
-1.0840519377141136
-0.35002533742263364
-0.4116221199362495
-0.7923202330483075
0.5865583668520216
1.460709781743044
-0.6466662859162866
0.9058255374254666
-0.8647953314934002
-0.7068484592239938
1.1755400432191914
0.8242610154525873
1.3966607033322076
0.06440540685950823
-0.6113879121172665
-0.7152949907425935
-0.6722354316417257
0.7335601874017781
0.4147424875032139
1.6187872966235122
0.8052815854049117
0.5047634485867909
-0.8256589649107906
0.7130545410925977
1.4111808649417064
-0.12272031824195544
-1.206808311041454
1.1799551215083712
-0.25905809478250247
1.266841528206116
-1.1679608147405522
-2.178658253402258
-1.6908662762552285
-0.7522020173828264
0.426654855870689
-0.5429362726024685
1.8411302009753585
1.1918310484156893
-1.1319805270861436
-0.9551529428881638
-0.6622811939466811
-0.8695289972333378
0.42445856088916445
-0.38623396394691617
0.10512023646157465
0.30155122092598335
-0.5861256593505079
0.15055685902011498
-0.2605850467104804
-0.4679424681006173
0.4041095501027372
0.7593482878707001
-0.31811811510097726
0.07557431539880294
0.8560160077183837
-0.22696268384653437
-1.0612732323771334
0.1604811511164553
-0.2356325978716248
0.5002422883104319
0.3121608838607179
-0.2506672950625762
-0.31469697685381276
-0.3683494168548724
1.1943079060131003
-0.2069267169320654
-1.0546450625869008
-0.7535751392402653
1.2887568767585154
0.7168706952663804
0.4539863347022657
-0.19288338203889835
-0.6600561147205036
0.5444461843644316
-0.031073098528648896
1.0666226328793489
0.6826908561119993
0.7664363849723109
-1.5656309998414295
-1.3193101333685322
1.757503764382576
1.0319795207627056
1.2040727045834034
-0.39575507770585466
-0.9673986681882568
-0.5730108810624218
0.8150654083153945
0.7135832047107521
0.5680159567075104
-0.42202441775760263
-0.6047744023110795
-0.6398461193709905
-0.5431209539670492
0.743604359694756
0.5501394380011342
0.40917849948426693
-0.7523179172242432
-0.2998477557189411
-0.41692750300570297
-0.9150255706250814
0.011733470923078821
-0.8379673739957436
0.45224864192877945
0.11461868639208786
-0.39949316627565756
-0.8367288422768919
0.6729948302189932
0.5402164797619586
-0.8537543470267868
-0.9619775981030672
0.729262443132744
-0.8781538077699351
0.4760270615990752
-0.6198608640697172
0.4379854791550235
1.4889546031313563
1.1218990116470113
1.663909707796758
-0.33661840288613243
0.5424611055353274
-0.6577525342696745
-0.9147668249563004
0.5995905312293418
0.5023463267911088
1.3359431078803137
0.19869693422211582
-0.18484355518724027
-0.7912859641468577
0.22848419915519877
0.06483804460410618
0.3021049292863045
-0.516719703848425
0.22848969519199586
0.777229879705713
0.3042801028156199
0.7749506329372294
-1.4551654548434445
-1.4378038404511293
-0.2084409717799858
0.6819560858137675
-0.1972738193659689
1.5263237158233212
0.34117028973398494
-0.25663552300481207
0.16965915913893337
-1.5400703778493137
-0.1845030902709137
0.8253960275449855
-0.5681682708655793
1.0336339560914483
-0.6756386642029328
-0.6307971487026212
-1.0849108046542955
0.1823353586630126
-0.01417107468278413
-0.34788280877743727
0.2814858926092795
-0.9194844466829052
0.45494693501505645
-0.6475999702617198
0.7854664334794953
0.29321658197396633
0.05873496256563949
-0.752013513054564
0.07012309204864438
-0.9103823591025176
-0.008359600389033061
0.21780422041235126
0.8435539748243155
0.3785242922730955
0.3006954328671187
0.0852605346153833
-0.34096018231168274
-0.009638475619686684
-0.24930764891337687
0.17638168089707817
0.66126784970612
0.5670544500001157
0.6518484508293373
0.19734418903907122
0.7183320768156609
0.012467695284192204
0.9695166590240706
0.2246103367364505
-0.30760976634087994
-0.12294965493175289
-0.0464971527577901
-0.9648383702298059
0.32983274632944454
-0.6600588322633446
-0.24708677482738242
0.7037146268369413
-0.9979900589769468
-0.45143890332448455
1.4719749842394454
0.463326617057672
0.4021741116904821
-0.4788419019741027
-0.7847959251863473
1.1415196578310909
0.7485786247621614
1.3699731977120506
0.768070655696303
-0.06691799223437267
-1.120298398483469
-0.47233407997541427
1.2450692143469413
0.3195405067605497
0.16061882607674777
-0.17148603283825115
-2.9615144336314243
4.744924612231704
-0.1758215432389203
-3.0188509148195446
-0.2541171419616792
-3.2188007045676064
2.6616647706925054
0.972970675771611
0.7084034452333048
-2.608061651468923
1.1963182661177836
